<div>                        <script type="text/javascript">window.PlotlyConfig = {MathJaxConfig: 'local'};</script>
        <script src="https://cdn.plot.ly/plotly-2.11.1.min.js"></script>                <div id="dfc0966e-83f1-4bf8-982a-f3c1d14183d0" class="plotly-graph-div" style="height:100%; width:100%;"></div>            <script type="text/javascript">                                    window.PLOTLYENV=window.PLOTLYENV || {};                                    if (document.getElementById("dfc0966e-83f1-4bf8-982a-f3c1d14183d0")) {                    Plotly.newPlot(                        "dfc0966e-83f1-4bf8-982a-f3c1d14183d0",                        [{"x":["All schools closed","First state of alarm excl. relax.","Total lockdown","Relax. phase 1","Relax. phase 2","Relax. phase 3","Third state of alarm","Curfew 01:00\u201306:00","NO2 concentration","Wind","Precipitation"],"y":["All schools closed","First state of alarm excl. relax.","Total lockdown","Relax. phase 1","Relax. phase 2","Relax. phase 3","Third state of alarm","Curfew 01:00\u201306:00","NO2 concentration","Wind","Precipitation"],"z":[[1.0,0.5819051998290923,0.22050756759345286,0.23995352299350628,0.21014222349377878,0.09361063616496033,-0.23014188751979026,-0.0938455210678977,-0.25753148037823476,-0.02421591217211013,0.056115044340755496],[0.5819051998290923,1.0,0.37894070659312973,-0.031121392030669978,-0.02725493853125694,-0.012141073279465784,-0.1339207610462479,-0.054609196690080276,-0.20803578049587626,0.050092736757080064,0.1099004438357729],[0.22050756759345286,0.37894070659312973,1.0,-0.011793162286263922,-0.010328005665186836,-0.004600746887319743,-0.05074802781835479,-0.02069364758022217,-0.04779837950777381,0.01587813025442155,-0.011355571102241504],[0.23995352299350628,-0.031121392030669978,-0.011793162286263922,1.0,-0.011238804055140522,-0.005006474090944362,-0.05522335669874881,-0.022518563397403345,-0.055132979900091895,-0.017961759193499727,-0.019622617615445582],[0.21014222349377878,-0.02725493853125694,-0.010328005665186836,-0.011238804055140522,1.0,-0.004384480728643073,-0.04836252796246382,-0.019720906462140267,-0.06974794470441141,0.035736885640578586,0.00644752501002592],[0.09361063616496033,-0.012141073279465784,-0.004600746887319743,-0.005006474090944362,-0.004384480728643073,1.0,-0.021543728498932237,-0.00878493892839808,-0.037052978218718995,-9.935474550865902e-05,0.025239557654948175],[-0.23014188751979026,-0.1339207610462479,-0.05074802781835479,-0.05522335669874881,-0.04836252796246382,-0.021543728498932237,1.0,0.4077724488977608,-0.07208062426180321,0.027850234035092482,-0.04850494092794982],[-0.0938455210678977,-0.054609196690080276,-0.02069364758022217,-0.022518563397403345,-0.019720906462140267,-0.00878493892839808,0.4077724488977608,1.0,0.006227153272968322,0.08380842361368386,0.0012803179468083078],[-0.25753148037823476,-0.20803578049587626,-0.04779837950777381,-0.055132979900091895,-0.06974794470441141,-0.037052978218718995,-0.07208062426180321,0.006227153272968322,1.0,-0.48371258445638315,-0.07537400679182583],[-0.02421591217211013,0.050092736757080064,0.01587813025442155,-0.017961759193499727,0.035736885640578586,-9.935474550865902e-05,0.027850234035092482,0.08380842361368386,-0.48371258445638315,1.0,0.1973821362182336],[0.056115044340755496,0.1099004438357729,-0.011355571102241504,-0.019622617615445582,0.00644752501002592,0.025239557654948175,-0.04850494092794982,0.0012803179468083078,-0.07537400679182583,0.1973821362182336,1.0]],"type":"heatmap"}],                        {"template":{"data":{"histogram2dcontour":[{"type":"histogram2dcontour","colorbar":{"outlinewidth":0,"ticks":""},"colorscale":[[0.0,"#0d0887"],[0.1111111111111111,"#46039f"],[0.2222222222222222,"#7201a8"],[0.3333333333333333,"#9c179e"],[0.4444444444444444,"#bd3786"],[0.5555555555555556,"#d8576b"],[0.6666666666666666,"#ed7953"],[0.7777777777777778,"#fb9f3a"],[0.8888888888888888,"#fdca26"],[1.0,"#f0f921"]]}],"choropleth":[{"type":"choropleth","colorbar":{"outlinewidth":0,"ticks":""}}],"histogram2d":[{"type":"histogram2d","colorbar":{"outlinewidth":0,"ticks":""},"colorscale":[[0.0,"#0d0887"],[0.1111111111111111,"#46039f"],[0.2222222222222222,"#7201a8"],[0.3333333333333333,"#9c179e"],[0.4444444444444444,"#bd3786"],[0.5555555555555556,"#d8576b"],[0.6666666666666666,"#ed7953"],[0.7777777777777778,"#fb9f3a"],[0.8888888888888888,"#fdca26"],[1.0,"#f0f921"]]}],"heatmap":[{"type":"heatmap","colorbar":{"outlinewidth":0,"ticks":""},"colorscale":[[0.0,"#0d0887"],[0.1111111111111111,"#46039f"],[0.2222222222222222,"#7201a8"],[0.3333333333333333,"#9c179e"],[0.4444444444444444,"#bd3786"],[0.5555555555555556,"#d8576b"],[0.6666666666666666,"#ed7953"],[0.7777777777777778,"#fb9f3a"],[0.8888888888888888,"#fdca26"],[1.0,"#f0f921"]]}],"heatmapgl":[{"type":"heatmapgl","colorbar":{"outlinewidth":0,"ticks":""},"colorscale":[[0.0,"#0d0887"],[0.1111111111111111,"#46039f"],[0.2222222222222222,"#7201a8"],[0.3333333333333333,"#9c179e"],[0.4444444444444444,"#bd3786"],[0.5555555555555556,"#d8576b"],[0.6666666666666666,"#ed7953"],[0.7777777777777778,"#fb9f3a"],[0.8888888888888888,"#fdca26"],[1.0,"#f0f921"]]}],"contourcarpet":[{"type":"contourcarpet","colorbar":{"outlinewidth":0,"ticks":""}}],"contour":[{"type":"contour","colorbar":{"outlinewidth":0,"ticks":""},"colorscale":[[0.0,"#0d0887"],[0.1111111111111111,"#46039f"],[0.2222222222222222,"#7201a8"],[0.3333333333333333,"#9c179e"],[0.4444444444444444,"#bd3786"],[0.5555555555555556,"#d8576b"],[0.6666666666666666,"#ed7953"],[0.7777777777777778,"#fb9f3a"],[0.8888888888888888,"#fdca26"],[1.0,"#f0f921"]]}],"surface":[{"type":"surface","colorbar":{"outlinewidth":0,"ticks":""},"colorscale":[[0.0,"#0d0887"],[0.1111111111111111,"#46039f"],[0.2222222222222222,"#7201a8"],[0.3333333333333333,"#9c179e"],[0.4444444444444444,"#bd3786"],[0.5555555555555556,"#d8576b"],[0.6666666666666666,"#ed7953"],[0.7777777777777778,"#fb9f3a"],[0.8888888888888888,"#fdca26"],[1.0,"#f0f921"]]}],"mesh3d":[{"type":"mesh3d","colorbar":{"outlinewidth":0,"ticks":""}}],"scatter":[{"fillpattern":{"fillmode":"overlay","size":10,"solidity":0.2},"type":"scatter"}],"parcoords":[{"type":"parcoords","line":{"colorbar":{"outlinewidth":0,"ticks":""}}}],"scatterpolargl":[{"type":"scatterpolargl","marker":{"colorbar":{"outlinewidth":0,"ticks":""}}}],"bar":[{"error_x":{"color":"#2a3f5f"},"error_y":{"color":"#2a3f5f"},"marker":{"line":{"color":"white","width":0.5},"pattern":{"fillmode":"overlay","size":10,"solidity":0.2}},"type":"bar"}],"scattergeo":[{"type":"scattergeo","marker":{"colorbar":{"outlinewidth":0,"ticks":""}}}],"scatterpolar":[{"type":"scatterpolar","marker":{"colorbar":{"outlinewidth":0,"ticks":""}}}],"histogram":[{"marker":{"pattern":{"fillmode":"overlay","size":10,"solidity":0.2}},"type":"histogram"}],"scattergl":[{"type":"scattergl","marker":{"colorbar":{"outlinewidth":0,"ticks":""}}}],"scatter3d":[{"type":"scatter3d","line":{"colorbar":{"outlinewidth":0,"ticks":""}},"marker":{"colorbar":{"outlinewidth":0,"ticks":""}}}],"scattermapbox":[{"type":"scattermapbox","marker":{"colorbar":{"outlinewidth":0,"ticks":""}}}],"scatterternary":[{"type":"scatterternary","marker":{"colorbar":{"outlinewidth":0,"ticks":""}}}],"scattercarpet":[{"type":"scattercarpet","marker":{"colorbar":{"outlinewidth":0,"ticks":""}}}],"carpet":[{"aaxis":{"endlinecolor":"#2a3f5f","gridcolor":"#C8D4E3","linecolor":"#C8D4E3","minorgridcolor":"#C8D4E3","startlinecolor":"#2a3f5f"},"baxis":{"endlinecolor":"#2a3f5f","gridcolor":"#C8D4E3","linecolor":"#C8D4E3","minorgridcolor":"#C8D4E3","startlinecolor":"#2a3f5f"},"type":"carpet"}],"table":[{"cells":{"fill":{"color":"#EBF0F8"},"line":{"color":"white"}},"header":{"fill":{"color":"#C8D4E3"},"line":{"color":"white"}},"type":"table"}],"barpolar":[{"marker":{"line":{"color":"white","width":0.5},"pattern":{"fillmode":"overlay","size":10,"solidity":0.2}},"type":"barpolar"}],"pie":[{"automargin":true,"type":"pie"}]},"layout":{"autotypenumbers":"strict","colorway":["#636efa","#EF553B","#00cc96","#ab63fa","#FFA15A","#19d3f3","#FF6692","#B6E880","#FF97FF","#FECB52"],"font":{"color":"#2a3f5f"},"hovermode":"closest","hoverlabel":{"align":"left"},"paper_bgcolor":"white","plot_bgcolor":"white","polar":{"bgcolor":"white","angularaxis":{"gridcolor":"#EBF0F8","linecolor":"#EBF0F8","ticks":""},"radialaxis":{"gridcolor":"#EBF0F8","linecolor":"#EBF0F8","ticks":""}},"ternary":{"bgcolor":"white","aaxis":{"gridcolor":"#DFE8F3","linecolor":"#A2B1C6","ticks":""},"baxis":{"gridcolor":"#DFE8F3","linecolor":"#A2B1C6","ticks":""},"caxis":{"gridcolor":"#DFE8F3","linecolor":"#A2B1C6","ticks":""}},"coloraxis":{"colorbar":{"outlinewidth":0,"ticks":""}},"colorscale":{"sequential":[[0.0,"#0d0887"],[0.1111111111111111,"#46039f"],[0.2222222222222222,"#7201a8"],[0.3333333333333333,"#9c179e"],[0.4444444444444444,"#bd3786"],[0.5555555555555556,"#d8576b"],[0.6666666666666666,"#ed7953"],[0.7777777777777778,"#fb9f3a"],[0.8888888888888888,"#fdca26"],[1.0,"#f0f921"]],"sequentialminus":[[0.0,"#0d0887"],[0.1111111111111111,"#46039f"],[0.2222222222222222,"#7201a8"],[0.3333333333333333,"#9c179e"],[0.4444444444444444,"#bd3786"],[0.5555555555555556,"#d8576b"],[0.6666666666666666,"#ed7953"],[0.7777777777777778,"#fb9f3a"],[0.8888888888888888,"#fdca26"],[1.0,"#f0f921"]],"diverging":[[0,"#8e0152"],[0.1,"#c51b7d"],[0.2,"#de77ae"],[0.3,"#f1b6da"],[0.4,"#fde0ef"],[0.5,"#f7f7f7"],[0.6,"#e6f5d0"],[0.7,"#b8e186"],[0.8,"#7fbc41"],[0.9,"#4d9221"],[1,"#276419"]]},"xaxis":{"gridcolor":"#EBF0F8","linecolor":"#EBF0F8","ticks":"","title":{"standoff":15},"zerolinecolor":"#EBF0F8","automargin":true,"zerolinewidth":2},"yaxis":{"gridcolor":"#EBF0F8","linecolor":"#EBF0F8","ticks":"","title":{"standoff":15},"zerolinecolor":"#EBF0F8","automargin":true,"zerolinewidth":2},"scene":{"xaxis":{"backgroundcolor":"white","gridcolor":"#DFE8F3","linecolor":"#EBF0F8","showbackground":true,"ticks":"","zerolinecolor":"#EBF0F8","gridwidth":2},"yaxis":{"backgroundcolor":"white","gridcolor":"#DFE8F3","linecolor":"#EBF0F8","showbackground":true,"ticks":"","zerolinecolor":"#EBF0F8","gridwidth":2},"zaxis":{"backgroundcolor":"white","gridcolor":"#DFE8F3","linecolor":"#EBF0F8","showbackground":true,"ticks":"","zerolinecolor":"#EBF0F8","gridwidth":2}},"shapedefaults":{"line":{"color":"#2a3f5f"}},"annotationdefaults":{"arrowcolor":"#2a3f5f","arrowhead":0,"arrowwidth":1},"geo":{"bgcolor":"white","landcolor":"white","subunitcolor":"#C8D4E3","showland":true,"showlakes":true,"lakecolor":"white"},"title":{"x":0.05},"mapbox":{"style":"light"}}},"title":{"text":"Correlation heatmap of the NO2 concentration & meteorological conditions"}},                        {"responsive": true}                    )                };                            </script>        </div>